15 15 1762941335
21 17 1762941335
37 18 1762941335
49 19 1762941335
112 20 1762941335
129 23 1762941335
132 24 1762941335
142 25 1762941335
15 15.1154 1762941365
21 16.9559 1762941365
37 18.2257 1762941365
49 19.2449 1762941365
112 20.0795 1762941365
129 22.8779 1762941365
132 23.8733 1762941365
142 24.8935 1762941365
15 15.3247 1762941395
21 17.1069 1762941395
37 18.3366 1762941395
49 19.3099 1762941395
112 20.0891 1762941395
129 22.6689 1762941395
132 23.6442 1762941395
142 25.0618 1762941395
15 15.083 1762941425
21 17.3112 1762941425
37 18.4001 1762941425
49 19.4431 1762941425
112 19.8566 1762941425
129 22.7073 1762941425
132 23.5916 1762941425
142 25.1195 1762941425
15 15.1497 1762941455
21 17.4703 1762941455
37 18.2571 1762941455
49 19.2454 1762941455
112 19.9314 1762941455
129 22.8861 1762941455
132 23.692 1762941455
142 24.902 1762941455
15 15.0442 1762941485
21 17.3347 1762941485
37 18.2512 1762941485
49 19.0931 1762941485
112 19.9286 1762941485
129 22.7746 1762941485
132 23.6266 1762941485
142 24.8829 1762941485
15 15.0841 1762941515
21 17.4247 1762941515
37 18.0895 1762941515
49 19.1239 1762941515
112 19.8681 1762941515
129 22.7734 1762941515
132 23.4011 1762941515
142 24.9448 1762941515
15 15.182 1762941545
21 17.241 1762941545
37 18.3135 1762941545
49 18.996 1762941545
112 19.7147 1762941545
129 22.8245 1762941545
132 23.2603 1762941545
142 24.9953 1762941545
15 15.1194 1762941575
21 17.4307 1762941575
37 18.2507 1762941575
49 19.1004 1762941575
112 19.9403 1762941575
129 23.0665 1762941575
132 23.3096 1762941575
142 24.9408 1762941575
15 15.0711 1762941605
21 17.4172 1762941605
37 18.0318 1762941605
49 19.2356 1762941605
112 20.0964 1762941605
129 23.3138 1762941605
132 23.4156 1762941605
142 24.9842 1762941605
15 14.9178 1762941635
21 17.3696 1762941635
37 18.1328 1762941635
49 19.2034 1762941635
112 20.0504 1762941635
129 23.2543 1762941635
132 23.6225 1762941635
142 25.0993 1762941635
15 15.0695 1762941665
21 17.3884 1762941665
37 18.2513 1762941665
49 19.1213 1762941665
112 20.1676 1762941665
129 23.1716 1762941665
132 23.5718 1762941665
142 24.8875 1762941665
15 14.8239 1762941695
21 17.5881 1762941695
37 18.4945 1762941695
49 19.2369 1762941695
112 20.2476 1762941695
129 23.2139 1762941695
132 23.3233 1762941695
142 24.8418 1762941695
15 14.9101 1762941725
21 17.4796 1762941725
37 18.6598 1762941725
49 19.4383 1762941725
112 20.4231 1762941725
129 23.1356 1762941725
132 23.1318 1762941725
142 24.8562 1762941725
15 15.0182 1762941755
21 17.3597 1762941755
37 18.6597 1762941755
49 19.2454 1762941755
112 20.4354 1762941755
129 22.914 1762941755
132 23.2018 1762941755
142 24.6308 1762941755
15 14.9981 1762941785
21 17.42 1762941785
37 18.7109 1762941785
49 19.1113 1762941785
112 20.6783 1762941785
129 23.0977 1762941785
132 23.3153 1762941785
142 24.4613 1762941785
15 15.2191 1762941815
21 17.653 1762941815
37 18.5969 1762941815
49 19.1177 1762941815
112 20.6021 1762941815
129 23.0491 1762941815
132 23.0695 1762941815
142 24.2709 1762941815
15 15.0351 1762941845
21 17.4867 1762941845
37 18.4559 1762941845
49 18.8894 1762941845
112 20.4403 1762941845
129 22.8072 1762941845
132 22.8594 1762941845
142 24.1642 1762941845
15 15.0805 1762941875
21 17.5683 1762941875
37 18.4694 1762941875
49 19.0344 1762941875
112 20.2235 1762941875
129 22.9957 1762941875
132 22.7681 1762941875
142 24.2724 1762941875
15 14.9544 1762941905
21 17.3776 1762941905
37 18.3525 1762941905
49 18.9168 1762941905
112 20.1241 1762941905
129 22.935 1762941905
132 22.7676 1762941905
142 24.2317 1762941905
15 14.9192 1762941935
21 17.5295 1762941935
37 18.5187 1762941935
49 18.842 1762941935
112 20.2911 1762941935
129 22.7731 1762941935
132 22.6562 1762941935
142 24.3046 1762941935
15 14.7629 1762941965
21 17.3561 1762941965
37 18.5166 1762941965
49 19.0536 1762941965
112 20.4354 1762941965
129 22.9172 1762941965
132 22.5515 1762941965
142 24.4373 1762941965
15 14.6424 1762941995
21 17.2861 1762941995
37 18.6614 1762941995
49 19.067 1762941995
112 20.4664 1762941995
129 22.7218 1762941995
132 22.5935 1762941995
142 24.4625 1762941995
15 14.7514 1762942025
21 17.3033 1762942025
37 18.526 1762942025
49 19.0702 1762942025
112 20.4159 1762942025
129 22.6529 1762942025
132 22.3685 1762942025
142 24.7099 1762942025
15 14.739 1762942055
21 17.5084 1762942055
37 18.4486 1762942055
49 19.1603 1762942055
112 20.6655 1762942055
129 22.901 1762942055
132 22.5222 1762942055
142 24.5082 1762942055
15 14.6458 1762942085
21 17.6645 1762942085
37 18.2785 1762942085
49 19.3374 1762942085
112 20.5733 1762942085
129 23.0425 1762942085
132 22.667 1762942085
142 24.4585 1762942085
15 14.4312 1762942115
21 17.7272 1762942115
37 18.0602 1762942115
49 19.1932 1762942115
112 20.4274 1762942115
129 23.2387 1762942115
132 22.5786 1762942115
142 24.4407 1762942115
15 14.637 1762942145
21 17.8725 1762942145
37 18.0547 1762942145
49 19.3924 1762942145
112 20.1941 1762942145
129 23.0147 1762942145
132 22.405 1762942145
142 24.6149 1762942145
15 14.5746 1762942175
21 18.0945 1762942175
37 18.2704 1762942175
49 19.6033 1762942175
112 20.2202 1762942175
129 23.2565 1762942175
132 22.2493 1762942175
142 24.6916 1762942175
15 14.3378 1762942205
21 18.1785 1762942205
37 18.3262 1762942205
49 19.7619 1762942205
112 20.3633 1762942205
129 23.0962 1762942205
132 22.1169 1762942205
142 24.5048 1762942205
15 14.1322 1762942235
21 18.4126 1762942235
37 18.3456 1762942235
49 19.7193 1762942235
112 20.3914 1762942235
129 23.224 1762942235
132 21.918 1762942235
142 24.4307 1762942235
15 14.0833 1762942265
21 18.4187 1762942265
37 18.4989 1762942265
49 19.6798 1762942265
112 20.3892 1762942265
129 23.2437 1762942265
132 22.0592 1762942265
142 24.4738 1762942265
15 14.0365 1762942295
21 18.6036 1762942295
37 18.6013 1762942295
49 19.6707 1762942295
112 20.2675 1762942295
129 23.3828 1762942295
132 22.2317 1762942295
142 24.4128 1762942295
15 14.0977 1762942325
21 18.5935 1762942325
37 18.6703 1762942325
49 19.8378 1762942325
112 20.2608 1762942325
129 23.5631 1762942325
132 22.3744 1762942325
142 24.2607 1762942325
15 13.9906 1762942355
21 18.7622 1762942355
37 18.8669 1762942355
49 19.919 1762942355
112 20.4615 1762942355
129 23.4168 1762942355
132 22.5476 1762942355
142 24.4826 1762942355
15 13.9206 1762942385
21 18.7317 1762942385
37 18.6298 1762942385
49 20.0657 1762942385
112 20.4363 1762942385
129 23.2051 1762942385
132 22.6674 1762942385
142 24.4277 1762942385
15 13.75 1762942415
21 18.6588 1762942415
37 18.8754 1762942415
49 20.025 1762942415
112 20.2434 1762942415
129 23.1297 1762942415
132 22.8015 1762942415
142 24.3007 1762942415
15 13.5943 1762942445
21 18.8625 1762942445
37 18.7216 1762942445
49 19.8369 1762942445
112 20.1921 1762942445
129 23.1318 1762942445
132 22.5975 1762942445
142 24.2226 1762942445
15 13.6629 1762942475
21 19.0301 1762942475
37 18.6151 1762942475
49 19.896 1762942475
112 20.3848 1762942475
129 23.3255 1762942475
132 22.4747 1762942475
142 24.0428 1762942475
15 13.4792 1762942505
21 19.0129 1762942505
37 18.8362 1762942505
49 19.7523 1762942505
112 20.4331 1762942505
129 23.1148 1762942505
132 22.5451 1762942505
142 24.0653 1762942505
15 13.2362 1762942535
21 19.2218 1762942535
37 18.9499 1762942535
49 19.6353 1762942535
112 20.1854 1762942535
129 23.1735 1762942535
132 22.4137 1762942535
142 24.2654 1762942535
15 13.1771 1762942565
21 18.9984 1762942565
37 19.1893 1762942565
49 19.6582 1762942565
112 20.293 1762942565
129 23.2302 1762942565
132 22.6188 1762942565
142 24.4166 1762942565
15 13.2319 1762942595
21 19.2141 1762942595
37 19.333 1762942595
49 19.7455 1762942595
112 20.4422 1762942595
129 23.3741 1762942595
132 22.5931 1762942595
142 24.3238 1762942595
15 13.4051 1762942625
21 19.3703 1762942625
37 19.1946 1762942625
49 19.8078 1762942625
112 20.5302 1762942625
129 23.2794 1762942625
132 22.7282 1762942625
142 24.1047 1762942625
15 13.2884 1762942655
21 19.2901 1762942655
37 19.2117 1762942655
49 19.8166 1762942655
112 20.4215 1762942655
129 23.2278 1762942655
132 22.4917 1762942655
142 24.169 1762942655
15 13.277 1762942685
21 19.2322 1762942685
37 19.1278 1762942685
49 19.9804 1762942685
112 20.6475 1762942685
129 23.4733 1762942685
132 22.6509 1762942685
142 24.2494 1762942685
15 13.2972 1762942715
21 19.0741 1762942715
37 19.2363 1762942715
49 19.9578 1762942715
112 20.4457 1762942715
129 23.2426 1762942715
132 22.5842 1762942715
142 24.0421 1762942715
15 13.3113 1762942745
21 19.2355 1762942745
37 19.4259 1762942745
49 19.7247 1762942745
112 20.3424 1762942745
129 23.3777 1762942745
132 22.4819 1762942745
142 24.243 1762942745
15 13.2564 1762942775
21 19.3938 1762942775
37 19.6587 1762942775
49 19.6106 1762942775
112 20.5083 1762942775
129 23.2035 1762942775
132 22.5346 1762942775
142 24.0244 1762942775
15 13.0997 1762942805
21 19.41 1762942805
37 19.8606 1762942805
49 19.3991 1762942805
112 20.3191 1762942805
129 23.0294 1762942805
132 22.5612 1762942805
142 23.8112 1762942805
15 13.0577 1762942835
21 19.3905 1762942835
37 19.8249 1762942835
49 19.5118 1762942835
112 20.3781 1762942835
129 23.1601 1762942835
132 22.5061 1762942835
142 23.5963 1762942835
15 12.9305 1762942865
21 19.5865 1762942865
37 19.9671 1762942865
49 19.4335 1762942865
112 20.1704 1762942865
129 23.2898 1762942865
132 22.4287 1762942865
142 23.4939 1762942865
15 13.1552 1762942895
21 19.5246 1762942895
37 19.9341 1762942895
49 19.4516 1762942895
112 19.9588 1762942895
129 23.0749 1762942895
132 22.5883 1762942895
142 23.2946 1762942895
15 13.2786 1762942925
21 19.5117 1762942925
37 20.0068 1762942925
49 19.2419 1762942925
112 19.9609 1762942925
129 22.9152 1762942925
132 22.5673 1762942925
142 23.4537 1762942925
15 13.2993 1762942955
21 19.5971 1762942955
37 19.7593 1762942955
49 19.1012 1762942955
112 19.7174 1762942955
129 22.9092 1762942955
132 22.6715 1762942955
142 23.2549 1762942955
15 13.4327 1762942985
21 19.3581 1762942985
37 19.8845 1762942985
49 18.969 1762942985
112 19.8225 1762942985
129 22.9835 1762942985
132 22.6483 1762942985
142 23.3344 1762942985
15 13.5101 1762943015
21 19.1297 1762943015
37 19.7898 1762943015
49 19.0653 1762943015
112 19.7974 1762943015
129 23.2106 1762943015
132 22.6813 1762943015
142 23.3618 1762943015
15 13.6479 1762943045
21 19.1743 1762943045
37 19.8371 1762943045
49 19.2584 1762943045
112 19.7949 1762943045
129 23.2245 1762943045
132 22.7031 1762943045
142 23.4602 1762943045
15 13.7011 1762943075
21 19.4192 1762943075
37 19.7799 1762943075
49 19.4405 1762943075
112 19.9831 1762943075
129 23.2977 1762943075
132 22.9178 1762943075
142 23.4245 1762943075
15 13.5711 1762943105
21 19.4235 1762943105
37 19.8541 1762943105
49 19.4822 1762943105
112 19.8236 1762943105
129 23.4639 1762943105
132 23.0992 1762943105
142 23.4801 1762943105
15 13.3529 1762943135
21 19.3036 1762943135
37 19.9548 1762943135
49 19.543 1762943135
112 19.9823 1762943135
129 23.4266 1762943135
132 23.3279 1762943135
142 23.2365 1762943135
15 13.3029 1762943165
21 19.102 1762943165
37 20.1854 1762943165
49 19.3788 1762943165
112 19.7494 1762943165
129 23.3005 1762943165
132 23.4091 1762943165
142 23.1315 1762943165
15 13.3752 1762943195
21 19.152 1762943195
37 20.1445 1762943195
49 19.595 1762943195
112 19.5444 1762943195
129 23.3568 1762943195
132 23.368 1762943195
142 23.0674 1762943195
15 13.3219 1762943225
21 19.0291 1762943225
37 19.9363 1762943225
49 19.7949 1762943225
112 19.3033 1762943225
129 23.2948 1762943225
132 23.2147 1762943225
142 23.1103 1762943225
15 13.2834 1762943255
21 18.8105 1762943255
37 19.887 1762943255
49 20.0393 1762943255
112 19.234 1762943255
129 23.519 1762943255
132 23.1991 1762943255
142 23.078 1762943255
15 13.1096 1762943285
21 18.747 1762943285
37 19.6435 1762943285
49 20.2377 1762943285
112 19.0435 1762943285
129 23.3593 1762943285
132 23.0977 1762943285
142 23.1048 1762943285
15 13.0538 1762943315
21 18.7106 1762943315
37 19.5617 1762943315
49 20.2815 1762943315
112 19.2283 1762943315
129 23.5237 1762943315
132 23.2872 1762943315
142 23.3417 1762943315
15 13.1802 1762943345
21 18.5665 1762943345
37 19.3717 1762943345
49 20.1912 1762943345
112 19.3489 1762943345
129 23.7004 1762943345
132 23.5252 1762943345
142 23.3621 1762943345
15 13.011 1762943375
21 18.5699 1762943375
37 19.3818 1762943375
49 20.0359 1762943375
112 19.3088 1762943375
129 23.5349 1762943375
132 23.5638 1762943375
142 23.5947 1762943375
15 12.8287 1762943405
21 18.6428 1762943405
37 19.2642 1762943405
49 20.1582 1762943405
112 19.5077 1762943405
129 23.5709 1762943405
132 23.5441 1762943405
142 23.7284 1762943405
15 12.8377 1762943435
21 18.5846 1762943435
37 19.0961 1762943435
49 20.0825 1762943435
112 19.2685 1762943435
129 23.5654 1762943435
132 23.6338 1762943435
142 23.5307 1762943435
15 12.7781 1762943465
21 18.5629 1762943465
37 19.1242 1762943465
49 20.1425 1762943465
112 19.116 1762943465
129 23.7538 1762943465
132 23.6567 1762943465
142 23.4148 1762943465
15 12.7881 1762943495
21 18.7394 1762943495
37 19.0181 1762943495
49 20.1191 1762943495
112 19.2564 1762943495
129 23.5396 1762943495
132 23.6006 1762943495
142 23.3964 1762943495
15 13.0175 1762943525
21 18.7732 1762943525
37 19.001 1762943525
49 20.2901 1762943525
112 19.4296 1762943525
129 23.6074 1762943525
132 23.4562 1762943525
142 23.311 1762943525
15 12.9197 1762943555
21 18.831 1762943555
37 19.0222 1762943555
49 20.5229 1762943555
112 19.6316 1762943555
129 23.5021 1762943555
132 23.408 1762943555
142 23.3349 1762943555
15 12.9865 1762943585
21 18.7747 1762943585
37 18.8975 1762943585
49 20.6595 1762943585
112 19.4818 1762943585
129 23.6612 1762943585
132 23.5588 1762943585
142 23.4842 1762943585
15 13.1526 1762943615
21 18.525 1762943615
37 18.9142 1762943615
49 20.7152 1762943615
112 19.7008 1762943615
129 23.6356 1762943615
132 23.6839 1762943615
142 23.3679 1762943615
15 13.3745 1762943645
21 18.3601 1762943645
37 19.1091 1762943645
49 20.6005 1762943645
112 19.7141 1762943645
129 23.665 1762943645
132 23.5737 1762943645
142 23.5659 1762943645
15 13.1982 1762943675
21 18.2369 1762943675
37 19.1032 1762943675
49 20.4503 1762943675
112 19.7626 1762943675
129 23.7884 1762943675
132 23.3995 1762943675
142 23.5952 1762943675
15 13.1677 1762943705
21 18.2648 1762943705
37 19.353 1762943705
49 20.4681 1762943705
112 19.5339 1762943705
129 23.649 1762943705
132 23.3132 1762943705
142 23.5479 1762943705
15 13.391 1762943735
21 18.3545 1762943735
37 19.2735 1762943735
49 20.2291 1762943735
112 19.6841 1762943735
129 23.4948 1762943735
132 23.2429 1762943735
142 23.6349 1762943735
15 13.1893 1762943765
21 18.4521 1762943765
37 19.2355 1762943765
49 20.4087 1762943765
112 19.6469 1762943765
129 23.4684 1762943765
132 23.148 1762943765
142 23.5723 1762943765
15 13.1939 1762943795
21 18.2859 1762943795
37 19.2713 1762943795
49 20.168 1762943795
112 19.7859 1762943795
129 23.5094 1762943795
132 22.9346 1762943795
142 23.5181 1762943795
15 13.2401 1762943825
21 18.3488 1762943825
37 19.2543 1762943825
49 20.2037 1762943825
112 19.681 1762943825
129 23.4617 1762943825
132 22.8734 1762943825
142 23.621 1762943825
15 13.1366 1762943855
21 18.5456 1762943855
37 19.1942 1762943855
49 20.0312 1762943855
112 19.6105 1762943855
129 23.6585 1762943855
132 22.7981 1762943855
142 23.6912 1762943855
15 13.0639 1762943885
21 18.6981 1762943885
37 19.4248 1762943885
49 20.1638 1762943885
112 19.5498 1762943885
129 23.7643 1762943885
132 22.6558 1762943885
142 23.5709 1762943885
15 13.1838 1762943915
21 18.5604 1762943915
37 19.1871 1762943915
49 20.2634 1762943915
112 19.7031 1762943915
129 23.8498 1762943915
132 22.7266 1762943915
142 23.4737 1762943915
15 13.2209 1762943945
21 18.7908 1762943945
37 19.2649 1762943945
49 20.3197 1762943945
112 19.6756 1762943945
129 23.9789 1762943945
132 22.5891 1762943945
142 23.4031 1762943945
15 13.0188 1762943975
21 18.6004 1762943975
37 19.2216 1762943975
49 20.2397 1762943975
112 19.8317 1762943975
129 23.8648 1762943975
132 22.7747 1762943975
142 23.2589 1762943975
15 13.0681 1762944005
21 18.6868 1762944005
37 19.2663 1762944005
49 20.1577 1762944005
112 19.6188 1762944005
129 23.8133 1762944005
132 22.5957 1762944005
142 23.4169 1762944005
15 12.9678 1762944035
21 18.713 1762944035
37 19.1526 1762944035
49 20.0785 1762944035
112 19.6256 1762944035
129 23.5939 1762944035
132 22.4281 1762944035
142 23.4354 1762944035
15 12.91 1762944065
21 18.6333 1762944065
37 19.1269 1762944065
49 19.9048 1762944065
112 19.8385 1762944065
129 23.4585 1762944065
132 22.3641 1762944065
142 23.6169 1762944065
15 12.7747 1762944095
21 18.7614 1762944095
37 19.1169 1762944095
49 19.7403 1762944095
112 19.9118 1762944095
129 23.6605 1762944095
132 22.1953 1762944095
142 23.4517 1762944095
15 12.9924 1762944125
21 18.7371 1762944125
37 18.9103 1762944125
49 19.8705 1762944125
112 19.731 1762944125
129 23.8868 1762944125
132 22.222 1762944125
142 23.5094 1762944125
15 13.1799 1762944155
21 18.6395 1762944155
37 18.8565 1762944155
49 19.767 1762944155
112 19.5806 1762944155
129 23.914 1762944155
132 21.9891 1762944155
142 23.6337 1762944155
15 13.3795 1762944185
21 18.5428 1762944185
37 18.9462 1762944185
49 19.6053 1762944185
112 19.7721 1762944185
129 23.9141 1762944185
132 21.8024 1762944185
142 23.8582 1762944185
15 13.239 1762944215
21 18.4603 1762944215
37 18.8222 1762944215
49 19.3922 1762944215
112 19.6098 1762944215
129 24.0563 1762944215
132 21.8536 1762944215
142 23.8106 1762944215
15 13.3649 1762944245
21 18.5197 1762944245
37 18.6783 1762944245
49 19.1434 1762944245
112 19.5125 1762944245
129 24.2768 1762944245
132 22.0646 1762944245
142 24.0178 1762944245
15 13.5601 1762944275
21 18.4863 1762944275
37 18.927 1762944275
49 19.3843 1762944275
112 19.4312 1762944275
129 24.2058 1762944275
132 21.9216 1762944275
142 23.9922 1762944275
15 13.4324 1762944305
21 18.5543 1762944305
37 18.8102 1762944305
49 19.3468 1762944305
112 19.3537 1762944305
129 24.1352 1762944305
132 21.6914 1762944305
142 23.7786 1762944305
